-0.03420116816658604
-0.009572818881025152
-0.031337826224045864
-0.02582777001872932
-0.034985438662382
-0.039732805905676356
-0.03358395099193653
-0.03229845715256567
-0.028726849690673815
-0.0372044635372283
-0.0028286956848632317
-0.03844918943760879
-0.010684444472833855
-0.02694814804990039
-0.009166058607908612
-0.03222523987255347
-0.007132498897107532
-0.011191406530134477
-0.025810676617626732
-0.010033424969283224
-0.023607936994214245
-0.0019246193945921957
-0.0019993962103404205
-0.017691641593053833
-0.004236449132426693
-0.025839446569656248
-0.013423920578217162
-0.019742119295167455
-0.028579535652355416
-0.027653423007238973
-0.03231051087747145
-0.01918536494688737
-0.015593526195921206
-0.02447483748280363
-0.011067737273086875
-0.03454603528707025
-0.03285123209970586
-0.02303416737469618
-0.03481883120258879
-0.023144201279175724
-0.027043453557898698
-0.032321918939982826
-0.006648864256933126
-0.0345395014800431
-0.005830810643243822
-0.01997716571537135
-0.03769676574930109
-0.02253660463070872
-0.0067976969514452175
-0.03560297476825913
-0.034741451704339434
-0.029394764490445254
-0.03887710942168837
-0.022692375932544973
-0.03100100327163381
-0.016979998725674687
-0.035384162875494334
-0.03760682676554879
-0.01875077889060291
-0.03855936257293963
-0.019206056560911535
-0.027335672302161034
-0.005887137049006172
-0.02934382123279653
-0.03419359195552044
-0.030148667385513382
-0.021503280731696658
-0.025423060797421133
-0.015565475296892908
-0.026121420255659535
-0.020315810256213155
-0.03654946831753059
-0.032553422588548056
-0.028385335367105906
-0.03776184112206406
-0.03686094507364794
-0.033515300729492284
-0.023627201222809112
-0.013563069903970318
-0.018141878535401505
-0.028165517609499854
-0.009707145122613963
-0.03291113645700424
-0.03163797548042163
-0.0018702892839245933
-0.008993709024055305
-0.025547141453197725
-0.02319010068083321
-0.0221643605563114
-0.016464854248019686
-0.00969479383450914
-0.03306456836421514
-0.03485635573957495
-0.036519761730660384
-0.01485666302204933
-0.03822925945711284
-0.0321797323953904
-0.019580123202527163
-0.004840538291959381
-0.02166128088988909
-0.01747929208795606
-0.03508738663618793
-0.030189969313523794
-0.03342886066863592
-0.007398915386663432
-0.003486398352497852
-0.01928114538160386
-0.03667999838469309
-0.0211218671492926
-0.028386824594255733
-0.014782841064798019
-1.3328960874461342E-5
-0.023259839454221613
-0.018168582684981827
-0.028379285906992673
-0.03525610612744233
-0.022030303321140796
-0.026087360050385505
-0.020328063107174266
-0.028191907196787686
-0.010766175857220539
-0.04012824199779205
-0.024474718746439694
-0.03046889246896429
-6.895164257357884E-4
-0.017569188692614705
-0.031983646576552414
-0.02882434446085911
-0.015198151048313204
-0.02559554717169955
-0.03714367165468783
-0.0067889047527138575
-0.022229317997774816
-0.023964017802996732
-0.008925436422312744
-0.024172083821168356
-0.03774866463222673
-0.02974265068641732
-0.038683582833305294
-0.026176769777907047
-0.03469113399396038
-0.002796729520715692
-0.010850697277977061
-0.006200617990186788
-0.034878491207245364
-0.029010962728989054
-0.020179872670473838
-0.013697167735603089
-0.005267653063841626
-0.015463556833754328
-0.030346625358066735
-0.004822656805905768
-0.03159501460329997
-0.025140719051991438
-0.01938068691336941
-0.017913079783751146
-0.0020481215803863227
-0.028453837821625274
-0.003859167331087098
-0.02725391969550151
-0.013308770440498049
-0.02958883114365672
-0.03010455767330033
-0.03201515467642456
-0.03846593078163303
-0.02636053700948174
-0.0381616037168308
-0.026273950070869745
-0.013318879126207588
-0.019554464211640615
-0.025707746801861733
-0.0030001595404856693
-0.0220281091167146
-0.03871625333976368
-2.680246761661028E-4
-0.03188096796016564
-0.024494537764963967
-0.027565721424715778
-0.029498622099519263
-0.033596739779456784
-0.028462249040965903
-0.013981743710049833
-0.02782522710361905
-0.006529331961446165
-0.029581581161652718
-0.014752957978191787
-0.021547872495253913
-0.019070414638527957
-0.027701851054091845
-0.018359936028713143
-0.03454927043692977
-0.029052683537822813
-0.03303872485820017
-0.03075453187202345
-0.027686870008555988
-0.022592515539827388
-0.01839489011283747
-0.009286720598798766
-0.026835025975351492
-0.0266243636401355
-0.009402829663793235
-0.0302938412276882
-0.024455015507170948
-0.03403512892095209
-0.03193664611650678
-2.919333857664911E-4
-0.033473977601939604
-0.026886546345285214
-0.01852207534441187
-0.002142038325140079
-0.03691396133846281
-0.03331512359672908
-0.024979194208650867
-0.02895047590723349
-0.008778976181609896
-0.018516848842138858
-0.03010350720350884
-0.02764159051411366
-0.029738545795393475
-0.024699872226199744
-0.03327369462738983
-0.03867430331939624
-0.03385766953268653
-0.025306444587244223
-0.00690948231663614
-0.020507231108614687
-0.0236412923283251
-0.023077810354131083
-0.03405351964174841
-0.016601811919286193
-0.032699961801137135
-0.01678943549973123
-0.009583344586212588
-0.008991645340433223
-0.034201748857495676
-0.02925375959778575
-0.019911541747387632
-0.030170126803518105
-0.03704144587187397
-0.005603025314274952
-0.026787100665271988
-0.029419570665632146
-0.01855382670952233
-0.016710639462334833
-0.020063229964235305
-0.021708036301658913
-9.790050445387059E-4
-0.010065028773551296
-0.02733742144495746
-0.0049177320827954825
-0.015267392087646898
-0.011982302184217926
-0.032814728946417016
-0.027776122539453964
-0.03823683241752057
-0.005536848384386473
-0.016540040158125734
-0.030078250272145397
-0.018523641952823106
-0.03305360840035546
-0.029126539950304148
-0.029572847139407412
-0.02901749683013884
-0.030740210348154495
-0.009176262736837625
-0.030648414946065374
-0.03580158820878613
-0.023892431455034134
-0.040121981434707764
-0.004918538667673539
-0.02984594727127886
-0.0356716681411258
-0.0022673915475505658
-0.030220366427373937
-0.03117653035919157
-0.0038961210218707173
-0.02983454378667254
-0.013944508041361412
-0.0240486204909359
-0.027032529560191032
-0.009288488492649257
-0.0020294698976395945
-0.006700542924781153
-0.016240503903174587
-0.03471739650754483
-0.02820768711535522
-0.01038060577453538
-0.03815959729397826
-0.014907828743186123
-0.028403237486200224
-0.007425473150937563
-0.031777760307024734
-0.033172266270266676
-0.03085991609148489
-0.029586705471211797
-0.034216215906448695
-0.03497994083718424
-0.0079173783343222
-0.038433780086616895
-0.02143677920848196
-0.02209622606001169
-0.028724113062103804
-0.016083253439957
-0.010380015706486261
-0.0186751416702681
-0.002498020379467469
-0.006807143271055161
-0.02256098674480457
-0.034493695584339436
-0.026263677123155783
-0.006650376771038528
-0.028309350466216434
-0.01312335494817493
-0.019130058200631923
-0.033883119299305466
-0.02308578985198778
-0.01872494696008316
-0.031216053083045755
-0.012382117188859757
-0.028161652321846944
-0.02528142348895571
-0.0229796346746574
-0.039288634626013084
-0.02425108552678326
-0.02814956519238374
-0.02135819062995759
-0.0031412382904710025
-0.029286132284864635
-0.02848792607387064
-0.014624351558822633
-0.017016556702754277
-0.02680991536127854
-0.01642398116962992
-0.011390367022437611
-0.026683380485401295
-0.02822382993547964
-0.0034715652296541284
-0.018215928168710597
-0.038600305158643544
-0.03164365030642219
-0.011642846954675731
-0.028743363556712406
-0.020625967966113233
-0.03662189674868427
-0.007204381610191109
-0.03610632578800421
-0.030207154486091712
-0.019033404825265297
-0.022921404992983632
-0.004429424284664845
-0.002882998158928483
-0.009474144285842504
-0.028263635472748388
-0.0018052468291234987
-0.03148636280910278
-0.035771801178303746
-0.030550916963544623
-0.03428973874079935
-0.010327458067873914
-0.028313912932634175
-0.02944989915134101
-0.022774759841314003
-0.019933029231699064
-0.022613838726395684
-0.002509394281605299
-0.03657956575220567
-0.008207675876249612
-0.02503940182136373
-0.027799031765383692
-0.03419409374134668
-0.03739104363529832
-0.026742011099805302
-0.0030731794182252406
-0.007744568450704264
-0.00833603054951965
-0.02159727653979338
-0.024813662476938093
-0.01702007735779978
-0.026311308199041247
-0.02633286996823741
-0.025129616918461085
-0.008647507491628082
-0.0038614225831508113
-0.019190510516943052
-0.00593420085922459
-0.02552532003796421
-0.03975723554860815
-0.03435794873854266
-0.030014018396126878
-0.0013917296279951045
-0.036169925317601895
-0.00691174634349088
-0.026554340892110388
-0.030726110003886947
-1.4552165133789737E-4
-0.03824555476465965
-0.02423220517832525
-0.01982426114181819
-0.03700324699285776
-0.03806002017146526
-0.022080831178368798
-0.02142384750189994
-0.00967752541399207
-0.005927415614356741
-0.006443758951040016
-0.004791404326095103
-0.008209072799530006
-0.012097205895099867
-0.020394860790821628
-0.017106827813435165
-0.0299828736325701
-0.034817078051604326
-0.02808521259722297
-0.029758495014837724
-0.01998802554353658
-0.03375293387317852
-0.02428375355659005
-0.004477617814057084
-0.02123115857514918
-0.032059183813685825
-0.02427473901277809
-0.028524484396770102
-0.035101227189956674
-0.020193035486026693
-0.011347686986168245
-0.03439241396293254
-0.02029101620310511
-0.0179283226262707
-0.032163182031989215
-0.0333298508784065
-0.038621868221617194
-0.009917576696256014
-0.012433120347206042
-0.007856905623102227
-0.033219847730421595
-0.008078510149779552
-0.003366378898193872
-0.00432015208297829
-0.015178457558904491
-0.019414009566190767
-0.002358516400621441
-0.03607673155104513
-0.026656609760806242
-0.02889491216907635
-0.026436388072602457
-0.029603070807189914
-0.02468572945537499
-0.0053843834435784044
-0.03267553601185682
-0.034602052274080045
-0.016355722107663135
-0.027308542679796016
-0.02382970419777307
-0.012109180055666056
-0.0115273924430015
-0.035561857232726785
-0.020629904203735918
-0.013837722339463208
-0.02904767406909343
-0.030764871784236956
-0.014251695487324058
-0.006382535742191262
-0.023897095409775613
-0.02257665438855076
-0.022897775016574383
-0.015757374416578568
-0.029864290522944485
-0.019631383567817032
-0.03571615869635047
-0.008520260990770526
-0.01753612370450083
-0.015726551844978804
-0.03158855616211564
-0.034375703114600795
-0.02279482219431209
-0.033284119813649274
-0.028355638470051108
-0.007933839963543673
-0.01473692255565707
-0.025398077530604687
-0.018999163402672194
-0.03516664539614523
-0.02554787227561546
-0.023042885921969368
-0.029321108528953713
-0.031978734514098446
-0.03654584680335956
-0.022386600253634915
-0.03237835971836581
-0.03936547579651424
-0.022416689823178067
-0.021863190082612945
-0.010678524151595314
-0.029411732654875993
-0.0268285804621221
-0.0077746275700112735
-0.03300838936046722
-0.006530329719741273
-0.002323495711131563
-0.029610355034488736
-0.018363187375938898
-0.02199906125563538
-0.014564542156696367
-0.032245667648863476
-0.009703264221963296
-0.024194832499701294
-0.027857549513873925
-0.01372856506538048
-0.03277148936240494
-0.03295867220974077
-0.020588954593845472
-0.029877084109696108
-0.02871827433586073
-0.019795836326327865
-0.025748098456715537
-0.031009257872097497
-0.026190675090572987
-0.028965211325080915
-0.02853451315663458
-0.010545332347314963
-0.026558422793083857
-0.011109077806511667
-0.02723129567406113
-0.006093697386888673
-0.0277643719135294
-0.017347066776186117
-0.03216997017161105
-0.030913393398646273
-0.03336057285522433
-0.0308237766053412
-0.03221767281669718
-0.024888811192257762
-0.004896579216111114
-0.03405521064309148
-0.010489271348490375
-0.030455909392634973
-0.030724740453482915
-0.03646453378708087
-0.036367594317075105
-0.03861317145280044
-0.026339207877992914
-0.03170366358137319
-0.009244972537232153
-0.026130491046448608
-0.02585173617821104
-0.02268822027571173
-0.01515587254305697
-0.018895937522749054
-0.022118156951837026
-0.03511678423959137
-0.002210731331714785
-0.033392022204841595
-0.018682626931841105
-0.02933508303004562
-0.019224407897482382
-0.039057402181502145
-0.0262519641740683
-0.02076072921299445
-0.026064486463831242
-0.03384061694270656
-0.02785294425882167
-0.014538822709085401
-0.024784593737714352
-0.008988653275475293
-0.03630505793648031
-0.02826487815751453
-0.009170225272864152
-0.01814128263248993
-0.029921883095020616
-0.024247980255805712
-0.007560982607380651
-0.006633625195452367
-0.014896179590269383
-0.008511956529465911
-0.003072430914153195
-0.016003345910962842
-0.029725036689561633
-0.029461339227973296
-0.025364311129714552
-0.021624892244401294
-0.00996462495090429
-0.0024632335206464288
-0.03011358523801863
-0.010618451191517884
-0.03404987430035688
-0.032267555240704814
-0.0364807011167158
-0.024836119715223436
-0.039211677381298576
-0.023923266647055005
-0.035105517222143834
-0.030697496997874447
-0.01593679179513303
-0.00206074790347776
-0.017085196784286518
-0.0018928536203442448
-0.03449128063101811
-0.030703283109522066
-0.016765577595167357
-0.03631744992563611
-0.020375877609927085
-0.014628695366886567
-0.034253202692369984
-0.028953380046715136
-0.0371984061020127
-0.0021903096665799354
-0.022214911153448185
-0.024130256791968098
-0.012300904573104655
-0.032742716215290076
-0.028933301320352333
-0.031243824535125222
-0.014286095543746281
-0.022189256867858366
-0.03696764193460887
-0.03546403447255539
-0.018287542149289987
-0.025716954673005082
-0.01003673978281897
-0.010584294400120353
-0.012897466539945536
-0.03428226338919959
-0.02431683889006517
-0.0020820356415950886
-0.02994477133418371
-0.028397382681942016
-0.00924843284108328
-0.03028324805510614
-0.030814567767268743
-0.019589572397928866
-0.02818360231650768
-0.025728526334813737
-0.02739940768960147
-0.03235044209326507
-8.968885684746092E-4
-0.03313675350675057
-0.021757655229806945
-0.02553770236447376
-0.006956078738252427
-0.027883586627157866
-0.03526202274900307
-0.017013154276023724
-0.021600170743607684
-0.03015929902127867
-0.03621849660272714
-0.025133150137895015
-0.009962068196643583
-0.029290600866731437
-0.03494794361843198
-0.034607870245704046
-0.02495574452158463
-0.016801265061957293
-0.00952101807143959
-0.03711472744030393
-0.03193826121989136
-0.034182249801344156
-0.00978138667590756
-0.03738563941641585
-0.033319453956565735
-0.03181586968597622
-0.01053492012705836
-0.033676331128690624
-0.0331575651727194
-0.0010230317704023565
-0.03217568188631855
-0.010320575370208376
-0.0033422325039834484
-0.025687475020023894
-0.014960737610748948
-0.02625075502950356
-0.026015760405117567
-0.02196710820107685
-0.015074394875603706
-0.024681617367556148
-0.011772875828417758
-0.02442089603126375
-0.01236898400200008
-0.03583185766441204
-0.014819691530306555
-0.029071802584580985
-0.011558414045515835
-0.03296385623463785
-0.026380022300159112
-0.03165582676621446
-0.033339610579101044
-0.02966782362678755
-0.03230960468903341
-0.007812554096174179
-0.03330305061798095
-0.028550456681714333
-0.030088498068423626
-0.0333696285577922
-0.008311204281645578
-0.021643512648371773
-0.03784938525083394
-0.016843989998510646
-0.03337232963709261
-0.03556002792472006
-0.02682790225521335
-0.02730295450544479
-0.018642375114990853
-0.02995852600271602
-0.01596135008160229
-0.010831797058123645
-0.010205872070974942
-0.008796243743970523
-0.028638368693156953
-0.03732725602705608
-0.02971835082574713
-0.029923633405755327
-0.03567656587581803
-0.029155948019901384
-0.03223537439625031
-0.011142248068048154
-0.03712161470301221
-0.0021838847808942395
-0.02796174550078579
-0.030846648372989012
-0.007449641965152028
-0.03557184610327112
-0.02805999082940385
-0.03907451236681902
-0.02117122822815577
-0.03131857533926809
-0.016035163246195736
-0.030449549330583844
-0.002732889556453809
-0.014498190851647035
-0.0225352315671023
-0.03310021924182448
-0.00869601985303246
-0.020399000280614508
-0.03360157692493881
-0.032914894151507494
-0.03609587865269376
-0.028264793581043255
-0.0274457421165921
-0.0351289504786617
-0.024269793980211268
-0.029376261744251283
-0.028900393090207886
-0.019420461822460825
-0.01613064636395001
-0.03590601515517419
-0.04025620444600618
-0.024934198692438125
-0.022133382103669736
-0.033641613329235494
-0.029295688842279267
-0.02552178440706964
-0.032173856613517925
-0.022821191437794642
-0.028128539464474994
-0.032127928172566135
-0.032939916165747686
-0.0030597269425615163
-0.020204124740267164
-0.006674524296971887
-0.020726526887072577
-0.03360285102460282
-0.03455487243634347
-0.029627144018893443
-0.02871774466106676
-0.02871231976705615
-0.03654173561665118
-0.019709542042909072
-0.027905385312662324
-0.001358867922333605
-0.022677018165203094
-0.021555342871394004
-0.003086786563373262
-0.025107477868225626
-0.03701805367540692
-0.0320720636553667
-0.031035604840822486
-0.01868005285555606
-0.0029091379237508636
-0.007842980424614478
-0.037156514363078826
-0.01481602970677627
-0.026058975024413095
-0.032118818158529
-0.031551228167711866
-0.03257202522137025
-0.02889411169653207
-0.0298312280044348
-0.02955918748388472
-0.023712188012887398
-0.029188794050331368
-0.004990258869825254
-0.01001610860307941
-4.176309388736625E-4
-0.026746864739051
-0.011031472853721663
-0.0010666527165476324
-0.002968049554587316
-0.03382585219669294
-0.01072211224365474
-0.0019118396238891723
-0.032303182172249756
-0.033849457572974084
-0.03292506461475913
-0.0023112607598197517
-0.02412011729234325
-0.03489840257019248
-0.02842103403332286
-0.038750773040111174
-0.003006652189585139
-0.005115153979932152
-0.033320719286696825
-0.02106538939348919
-0.03161524760469328
-0.030340336061682575
-0.034332425336832034
-0.005406844595384539
-0.018240527933569808
-0.0031028155616294514
-0.034350592459897446
-0.02445969785459284
-0.03289094691333785
-0.03192925898324729
-0.023502079695628123
-0.005852812986481635
-0.01338002375818086
-0.009772022357751833
-0.015805147160493766
-0.029894806425958004
-0.0305943140350246
-0.034007325837095904
-0.030905089771613353
-0.014692703515603032
-0.029995391453776988
-0.036273395152571476
-0.03284466175190279
-0.016686405493293636
-0.029275350592249064
-0.02430594093541857
-0.020477973448465567
-0.01847977431223399
-0.011237501554704902
-0.008759544619230515
-0.034106645136310704
-0.00372472729483605
-0.036086437588269946
-0.021481195470428645
-0.02493927699416971
-0.03600250968355979
-0.011219997187015171
-0.016726498644085114
-0.00652711909426083
-0.02852844726398494
-0.026499982218914885
-0.024060452139246874
-0.003416575687814538
-0.02368366585403453
-0.01921726473061994
-0.024204136783115775
-0.0022343931478797517
-0.026870604963633197
-0.013304387434430038
-0.011118913590983213
-0.03431368681148009
-0.002558410953439703
-0.031072669644484272
-0.030533777821864918
-0.030801294312623097
-0.01541647382111752
-0.039917669773516413
-0.03348129690499673
-0.02833673079852464
-0.002355700338010442
-0.031996147826244714
-4.904118231552233E-4
-0.013777545488759552
-0.028619679188036075
-0.0324001712444858
-0.02630026669044909
-0.02478311630671116
-0.035391178769957884
-0.008796053467581342
-0.03726687606104067
-0.0177442949868143
-0.034196196787180944
-0.03629200000897055
-0.022053236565399568
-0.03212376580800552
-0.0386866514540477
-3.7363019259036565E-4
-0.03321612748053847
-0.02449411433367689
-0.009460845340567412
-0.01307899847532221
-0.01661075201921011
-0.02824657463733615
-0.011189892235355067
-0.03700298657917474
-0.008452341347786888
-0.018773935802595638
-0.03652307869434328
-0.03090700593433816
-0.027186497770984305
-0.024664425670499576
-0.011167711078554961
-0.028556799712557212
-0.01593996237127495
-0.033065288715462035
-0.028498145851273707
-0.009992536213338465
-0.003168773597968688
-0.035642064508412834
-0.022722990073944294
-0.031749028750158274
-0.008991829340385036
-0.031087462593707524
-0.030421684929070623
-0.03369802827239341
-0.0057727465792793585
-0.03219125046266156
-4.153133982595107E-4
-0.017292920547087743
-0.02218478694078882
-0.0273416846482307
-0.02538005725603367
-0.03319178535240183
-0.010973105219716303
-0.03145012233218539
-0.02471681520118081
-0.010325888522209701
-0.009191493546528684
-0.011270011612939324
-0.009367078742153478
-0.026390687779266335
-0.03601274999287705
-0.03087520173877621
-0.02722742840201991
-0.03485373413221261
-0.032638494596356635
-0.017467335015119087
-0.03656771989695776
-0.0339228990413125
-0.03141740609918725
-0.018564219835724427
-0.031395781182093435
-0.03133833907567033
-0.0281964774542161
-0.028540130269580605
-0.012652734874790713
-0.02314319275551518
-0.02013072091268856
-0.010854822331283431
-0.01817633060830065
-0.031013849267189947
-0.02615273150237599
-0.03670434543677967
-0.02013829865068211
-0.022077940550136444
-0.03246385591152815
-0.033324443577137326
-0.013105618577028837
-0.02494889138241084
-0.032346382273106954
-0.027560229525389737
-0.018414518812056285
-0.029158558995351892
-0.023025038986124787
-0.015076379412242337
-0.03298502101624702
-0.002366519512359925
-0.01140312001225978
-0.03953141690770149
-0.03357457871571021
-0.03121370269014365
-0.019098692027979657
-0.03928157256775337
-0.029157136030169305
-0.02103469259299465
-0.02269630944524651
-0.028562552988647436
-0.016046506929306148
-0.03468543458024105
-0.008491586269670314
-0.024113763138496627
-0.03619010968546715
-0.03255958604161693
-0.018522007522877557
-0.011661933841382961
-0.022685860510834644
-0.025997508138935744
-0.026265547271830204
-0.018274718347088936
-0.03377892192726392
-0.010750411544383569
-0.019238169267716702
-0.011433305958532453
-0.034747158335845525
-0.03509985689833319
-0.03267665476426323
-0.028378546805138283
-0.02606048622736074
-0.012133416823878421
-0.0056220368283079305
-0.014259580767585678
-0.009561879405526602
-0.014299457058171984
-0.03781450103564252
-0.028699555659873213
-0.027872058505997305
-0.0059079637186111875
-0.002981520783694144
-0.013292277664854017
-0.015100867095109454
-0.023428855967185903
-0.029495033625249436
-0.0018722736555208158
-0.009152756812395208
-0.02716109832377158
-0.013336849335165298
-0.02549149197518892
-0.007193160048389403
-0.018435046386170287
-0.023939290468252165
-0.012081848780726823
-0.018982159302812544
-0.02945563443195052
-0.010624129575994425
-0.017890097971555143
-0.02502683695233201
-0.008477726904540172
-0.004923370575387709
-0.020591222352288933
-0.02029576358886978
-0.016326061470614755
-0.03492518065360088
-0.01231647985552399
-0.03376110165376705
-0.018650520443490214
-0.031103330079953265
-0.022529638652806994
-0.019089227253364843
-0.03701409508677683
-0.010532737203706403
-0.02557389388142646
-0.02083769256875108
-0.02308451849937794
-0.03775827939695416
-0.02270532344887623
-0.0029725620169587237
-0.03163165076003193
-0.023855202298759703
-0.02709520442204164
-0.03137478295311488
-0.0038698278417294077
-0.0330319100164203
-0.02071905444705912
-0.0046992610092254665
-0.007303709050979298
-0.0211615361761688
-0.0020595011468148346
-0.02104613070320953
-0.02476101033765687
-0.01646725942628819
-0.019516965265495973
-0.018604684564224403
-0.010062770825293027
-0.017387237636378755
-0.019033200840208472
-0.02935161205611324
-0.02212732927943617
-0.02748098124974376
-0.010909893591136324
-0.012694370168938747
-0.010691851529103718
-0.03823218135240776
-0.0274260359971357
-0.02947861361955433
-0.03895100005772978
-0.0256554467940271
-0.03708148766190153
-0.014870110458125753
-0.0320817415744214
-0.031084143110553176
-0.035554485734695135
-0.029801087532868496
-0.0059398514104821165
-0.037798483115092596
-0.03397080998754314
-0.033073122214972044
-0.03880006292512563
-0.01970936237297849
-0.009461829438298305
-0.03740185329534162
-0.026398707177208314
-0.037746978939807
-0.03057018809611296
-0.01459612220702307
-0.023507705250165344
-0.017462691911803063
-0.008141466413320178
-0.03217185227679218
-0.026634496823018525
-0.035781108174384076
-0.008938770644887146
-0.024348261224270758
-0.023114645978293814
-0.02385321652910853
-0.023975817590268497
-0.03659643743684935
-0.021781745931253288
-0.028566847645448975
-0.029851516551568213
-0.010859285767630702
-0.02191427072490362
-0.02196309386615464
-0.02381384416056152
-0.031401904204615284
-0.008685473547110372
-0.004104246476829589
-0.012905713296863335
-0.026522916862618994
-0.0350722991616244
-0.03660276457317073
-0.022287429076955773
-0.026808432778332954
-0.034026769859080166
-0.004449464020500025
-0.028151171139519454
-0.02181770901827978
-0.006703763209672158
-0.035562921006497016
-0.03389293619179757
-0.02229759931993402
-0.03142297564729243
-0.014248993221156945
-0.023581926018347087
-0.010544560443105101
-0.018744869566729848
-0.03442434424139169
-0.039160157146230924
-0.008488902468452544
-0.033173406792258144
-0.024373551682403165
-0.028850755565534295
-0.01211765734479505
-0.03115482760968062
-0.015781368062302494
-0.031066971060036294
-0.035787549380504095
-0.03421060188595773
-0.0314494422668741
-0.03429189470457674
-0.023333382958363763
-0.02728302755644698
-0.029344388743510617
-0.026578876192761416
-0.002323419849203234
-0.030196062219863956
-0.03532729343632011
-0.015804778676009233
-0.018484385615263655
-0.007872663168351323
-0.023412399476022736
-0.020889575756674033
-0.01293198112304153
-0.01067914817435854
-0.019867745161634847
-0.01701065972864792
-0.009416440388095195
-0.02758776860617291
-0.037723650309554047
-0.028003834616853563
-0.020824746920711564
-0.039146902296696574
-0.030906967194728293
-0.023777664503465978
-0.02515927133423904
-0.03389803906825947
-0.03648870378276685
-0.024003291407563538
-0.019807120047271157
-0.027400263724767712
-0.03983641095495253
-9.75259762635662E-4
-0.03697903223627323
-0.00419769757029175
-0.010870836479760426
-0.03230868071456745
-0.027434233252913134
-0.026805982223160853
-0.03466133083023598
-0.01468025359403816
-0.0070651516994876505
-0.032419870266372136
-0.03034580415112855
-0.021613373439924716
-0.02639208578139279
-0.02619003525080348
-0.012783792950512048
-0.037942466325017674
-0.023895114034894714
-0.027129280684621858
-0.011206240689708005
-0.029794248158908892
-0.023507755312979307
-0.021687074158614622
-0.00655135560629543
-0.02442946502837639
-0.013831070502093342
-0.020069118595873212
-0.0220377390311575
-0.025264563491189284
-0.03162990356747127
-0.03111898202630364
-0.03346963936374113
-0.0185427641938303
-0.025996871156880135
-0.031548272682401665
-0.033836390038153315
-0.007051205474751098
-0.025285743566559778
-0.02964242130773657
-0.0183177408795096
-0.007351763971557071
-0.032806147523065765
-0.010938317686803724
-0.03341144372194376
-0.033618938087937526
-0.031912067753134925
-0.007546208246222118
-0.01882365807991066
-0.027730302524324707
-0.03140434825512388
-0.02730797947701063
-0.010875112425272221
-0.017749070261488854
-0.03553883875975344
-0.029868586719362558
-0.023893618418173786
-0.03856841964618266
-0.0058325919180836185
-0.02585698933057135
-0.0026403076136231026
-0.03260898716439718
-0.028023131001846176
-0.016648454068743514
-0.008182208089143772
-0.005194770380625612
-0.02857465308284109
-0.034483116517302674
-0.032441225828791435
-0.023966311107417423
-0.02335323873583517
-0.032217581834422845
-0.03818002802004058
-0.021602489890775275
-0.006401068375204578
-0.018388673243612305
-0.0022882017325131293
-0.030253025284505835
-0.013247510577146395
-0.03217902495244488
-0.01913546737187334
-0.026528520832805255
-0.011256685103602743
-0.027608781924530597
-0.039111390560285
-0.030940750213588886
-0.028929359838940214
-0.03343457772883835
-0.02863395321097663
-0.018330054683855384
-0.02841004518800093
-0.029196127236134732
-0.010822326083163422
-0.020933970971256446
-0.01033769828668116
-0.02448489902384868
-0.018610245211322967
-0.0023552415100698315
-0.0085778933519278
-0.020100781718727107
-0.029529247979603643
-0.02540106798786787
-0.02922237532325329
-0.024464065392223795
-0.02343546651577274
-0.03422544975887484
-0.0032924152288200327
-0.02247763895183204
-0.03252852386910519
-0.033135497330600214
-0.016893196917751433
-0.007431507884574393
-0.027534328496711644
-0.007119785771921656
-0.025945387947226322
-0.025542565324193144
-0.007889265510318991
-0.012698878055554875
-0.012923292179327528
-0.030850951194231552
-0.013065381342106386
-0.002084739129328486
-0.03761717629937311
-0.032850542006296744
-0.012944891174661887
-0.033429887774367534
-0.03742412845931837
-0.03125484874688684
-0.025666025387879432
-0.03691090477590897
-0.017704615097531292
-0.016823982749024646
-0.03050213304756022
-0.0224818437488498
-0.03587385311898738
-0.0060561180693029125
-0.030734570782099464
-0.020410890286754805
-0.03238215977204507
-0.02195033876809598
-0.02103053872204861
-0.024790558091220386
-0.032109203750538495
-0.019836231092434677
-0.022185649548937602
-0.02320789023915118
-0.039652184988369886
-0.03193490471502715
-0.03184628618353965
-0.025728055376158094
-0.01348131090241891
-0.01978567321246875
-0.02851321751196439
-0.014130074950819804
-0.03147363189348402
-0.0332481179924402
-0.03312014785804411
-0.01090410591001916
-0.024894510138219306
-0.028821855024006877
-0.03617285858117636
-0.03015520741317004
-0.028028685337684257
-0.0017628477392624355
-0.022533326127477042
-0.023384891169086233
-0.007492721199879945
-0.03843926774445985
-0.022711865829785422
-0.013853946460319271
-0.03175805051390528
-0.02723993603012559
-0.03751246502072079
-0.010208314171867548
-0.0379530415545554
-0.012242262017195138
-0.03716419068509999
-0.006750883006186584
-0.03116561076659817
-0.031859218621863486
-0.034417358627242704
-0.020598555703972433
-0.029421550710336954
-0.03200444729821825
-0.03585036161712837
-0.035362331779882336
-0.010440532991669922
-0.017086366130718855
-0.009167792936522924
-0.022597396357535326
-0.03200943841442286
-0.027774470394421366
-0.020338050187990817
-0.02839573529454174
-0.031240063305747065
-0.015767082329983508
-0.015544763717128901
-0.016132126458940355
-0.0329686328821047
-0.02322349193436778
-0.009099929402123362
-0.010647591096341747
-0.037243718407408505
-0.025908064674222818
-4.1482213255231734E-4
-0.030671983058553315
-0.0028502204365057756
-0.023737933082081206
-0.01819519030659248
-0.022495987423809326
-0.0289935158898561
-0.027228187393107395
-0.016030244409574488
-0.03711275405031904
-0.016618640941339163
-0.008089773701589862
-0.022863118949627847
-0.029536508078884794
-0.014946135199956304
-0.029682504403601293
-0.035114152511718746
-0.03683240064803983
-0.02020002104909869
-0.027973557571848506
-0.007598405251049852
-0.024911134198873593
-0.022956841564617487
-0.02977967110735669
-0.034101549612311426
-0.007997232775344093
-0.0374745961309937
-0.036760878419924564
-0.010564601679027336
-0.02845290232762432
-0.024774757977059705
-0.02380208056435936
-0.03527607040449437
-0.019244997890845522
-0.03563141789560026
-0.03577434092643831
-0.030545661039851485
-0.014081652533501987
-0.032628787693239625
-0.01625710615441344
-0.0245138810151448
-0.019918230282715416
-0.02888428113205935
-0.02415534405965677
-0.022926559370783868
-0.019429983534810145
-0.02143407686062057
-0.0043816214876676515
-0.015090771322837798
-0.024200436521225444
-0.03565845980245292
-0.013467975228678215
-0.017809200980789724
-0.032031500730972565
-0.02757815994655899
-0.017165091975096542
-0.03094942762386555
-5.853313736836728E-4
-0.02164232143844431
-0.036150558900084735
-0.03579735113550247
-0.03526294466706557
-0.030766264092651104
-0.02890930969038967
-0.028457264492366918
-0.027925387949797334
-0.03309159827807025
-0.00908618234328836
-0.020655007930714165
-0.010905840096734872
-0.015316444194906307
-0.02281686917497227
-0.02358660330065211
-0.028839645022446854
-0.02727334914385062
-0.032976556863751845
-0.011173400717702136
-0.03368079509707447
-0.03308450946740316
-0.030193129657842332
-0.021993839939626034
-0.009228035397966239
-0.031691532604761145
-0.030435569701190192
-0.030886323564225736
-0.0267267308398493
-0.0387410535744265
-0.02658454540403003
-0.02809827109125246
-0.03211504029225708
-0.02486571421300561
-0.03059047156364372
-0.03428295008054699
-0.03293634968388271
-0.027729631509613425
-0.003410214796021529
-0.011650972544273568
-0.02972181957549019
-0.03381130258091258
-0.035692170714979266
-0.008933476518524091
-0.02605276716071008
-0.019209365480701596
-0.025469944767083693
-0.008614463151024074
-0.030470449360729384
-0.0017098163443988277
-0.025867687951945113
-0.009972010293624387
-0.0236842335893283
-0.013546378093501914
-0.03198635273613065
-0.016916547400581346
-0.02459961193773142
-0.016864603499869693
-0.02388283581737661
-0.003776440083553112
-0.028131285655860795
-0.0011633935315086494
-0.026570951617743782
-0.023427567757938614
-0.03221144039391718
-0.026949880145317257
-0.010540002640681697
-0.02191751456131176
-0.0018537090411002758
-0.01278110498927142
-0.014781574991563034
-0.02758345406680902
-0.025159722058755708
-0.02295156483783601
-0.013138309790781177
-0.03683450345041196
-0.015581697912692953
-0.021438758558172174
-0.020866009548010062
-0.010473281716454116
-0.036608749269308724
-0.003594045594589332
-0.03795229910617097
-0.027281434007785973
-0.03714649234259238
-0.018447574160280925
-0.027539101343917922
-0.0012190654167532386
-0.023989139483290255
-0.031291829753231484
-0.029916788867284577
-0.01836920086566732
-0.02677213591181198
-0.025057444521238793
-0.029606419076169906
-0.030519242283049284
-0.0068657054494000455
-0.028327244909660532
-0.028467584474496856
-0.016011238229264216
-0.018378414384447473
-0.015893638221741876
-0.03622536171853052
-0.0345100237394942
-0.03127381343341006
-0.0034712272918291775
-0.022578323580563872
-0.030183307303251482
-0.017866801351477512
-0.016529257660456622
-0.026004201733137736
-0.03573850546760125
-0.008302950010188067
-0.0053241530033730465
-0.016412346199847615
-0.01522711504218025
-0.005038883567222811
-0.02278086755435911
-0.025611585692142474
-0.007962418582489625
-0.03035147395747011
-0.028685137375782956
-0.033436791782937535
-0.03469087978162343
-0.028296670900770687
-0.015237780792862463
