0.0806061322582883
0.06499765409035192
0.09666363266051174
0.056137838351840434
0.09841234853911757
0.10761226829838953
0.07875319366852951
0.1135897629045363
0.033355808935124194
0.023251719131156
0.04885790951935672
0.07311830986560662
0.12329874485898158
0.060069883154682334
0.08852355100784397
0.10639045235641541
0.11587383810123753
0.09841234853911758
0.12234699285398545
0.0776025004954118
0.08836855851571676
0.056137838351840434
0.09841234853911757
0.021305673637906072
0.09352581243331051
0.08604653406743606
0.040549643986385886
0.0923655667590906
0.09251077434462984
0.03398083572322572
0.03742898370581207
0.04823353353681169
0.06499765409035192
0.09013117840531425
0.10092487881388945
0.06201115125471727
0.07187186476633571
0.09434439101914903
0.060694125311510326
0.09708618371786397
0.12109767324340286
0.08625994295846356
0.03240292759817579
0.08567849420725526
0.07348119635671868
0.11580344517175976
0.0666670684530269
0.1208970637696777
0.033695565122653766
0.09612164059203795
0.09612164059203795
0.11468482474969802
0.06580037664228326
0.09612644488335444
0.10099275553470878
0.07006902486491279
0.10553441692852923
0.08567849420725526
0.08228767754303315
0.093907225614177
0.061151251411315354
0.11215806851616379
0.10618233979625223
0.08123418682611215
0.12234699285398552
0.10302335980873191
0.08393400938193915
0.06025557758744569
7.908821273506592E-4
0.10639045235641541
0.10505365108852975
0.01877429848146189
0.06292844518523226
0.121097673243403
0.12157076486868779
0.10761226829838953
0.04366009647467823
0.09260754474580084
0.08403693834560762
0.0948396242772353
0.057371014440733996
0.05757106929065796
0.07733112828322145
0.07624922658192458
0.07045396630538714
0.07472457484085332
0.04410770743389841
0.0888503574314866
0.07933397601769475
0.0487272904243659
0.10474985629653795
0.07465354137191782
0.07716629814322322
0.08230121071863779
0.11943507701041808
0.06407425958624244
0.05702573401387329
0.10505365108852975
0.05246691838952816
0.04758977181576814
0.06971924965138475
0.10474985629653796
0.11449623454123979
0.03918292030285386
0.051069854437742576
0.08625994295846356
0.11805002643808933
0.07337758585533878
0.08402922073208803
0.06115125141131537
0.11805002643808934
0.05667274990471828
0.09653096498544021
0.10485383121216652
0.05028907752784468
0.07969808828849007
0.07768349476483055
0.11805002643808934
0.06753400307852161
0.0925637274270289
0.09537321781038578
0.12109767324340297
0.015495576279500227
0.07680307042365107
0.07969808828849008
0.03676318515768851
0.07053715071430046
0.07440664967305982
0.05106985443774257
0.08341238307887137
0.08243703982462815
0.09073002662544037
0.12234699285398552
0.07716629814322323
0.04396724405021988
0.10092487881388947
0.10505365108852967
0.026767604319026497
0.0666670684530269
0.006954811062498645
0.021382993409428754
0.09236556675909062
0.08058212605935132
