3.2677701385381557
3.204018455897885
3.0023300974386564
3.6899030631419865
3.035915548361518
2.8591651184961626
3.4550054901639355
2.7760212006203604
4.476824548936226
4.9430321092995575
3.522157634972405
3.1255768698323148
2.5087260300212724
3.2933499428627147
3.338690334076095
2.906467348440792
2.6191868700304415
3.035915548361518
2.6017745423519636
3.0748244591432297
3.2018351381275476
3.6899030631419865
3.035915548361518
4.980381090257632
3.138972260652657
3.06571384812761
4.156888292908564
3.101995748284904
3.049704789106529
3.8284909112263357
3.7172815091383407
3.4438553773554226
3.204018455897885
3.012793235010175
2.838299500747597
3.859417688603411
3.1143700324946457
2.834601389078372
3.4832265405607963
2.985981231703226
2.6890089681459286
3.1434247058135307
4.03481353716876
3.127813418862574
2.9941668231805263
2.7747613770017594
3.5498448700469436
2.554305291948385
3.7963913671521556
2.95892628418566
2.95892628418566
2.586949495507729
3.9321162828098637
2.9601077281473662
2.7973513946543838
3.353320033154492
2.6444294267397255
3.127813418862574
3.2677701385381557
2.8980340575295864
3.9613517506411484
2.6707428054507854
2.803594096894174
3.1766191290283907
2.6017745423519636
2.8172793501999296
2.985981231703226
3.3218917855591013
6.069527233579304
2.906467348440792
3.089571903266623
4.726062244158908
3.646053523154356
2.6890089681459286
2.7032743678162428
2.8591651184961626
4.100144974411125
2.866493191476864
2.8859437500878857
2.9100741345421888
3.616202853397895
3.506238196943598
3.222516933177448
3.2688399601868987
3.188703838212663
3.1121238222979954
3.729489363048366
2.9244567961328394
3.2570525952756135
3.531080779100284
2.845681306454062
3.6899030631419865
3.188703838212663
3.0370670430163744
2.5815374613465645
3.4050558871192695
3.310293334138526
3.089571903266623
3.332400801958718
4.0667507347342475
3.3039497447878827
2.845681306454062
2.6311740579210876
4.055558216516247
4.402796314232057
3.1434247058135307
2.615178930620396
3.430631249381194
3.3397374378603706
3.9613517506411484
2.615178930620396
3.806508963540016
2.9730726259479163
2.7366970035995015
3.7603005385022272
3.0058218568246913
3.4671283536925803
2.615178930620396
3.412236311183128
3.062290381009348
2.8628314997226427
2.6890089681459286
4.747468961295223
3.3039497447878827
3.0058218568246913
3.814767037768827
3.1423121859748235
3.1434247058135307
4.402796314232057
3.2062002869004114
2.9777731389635553
2.8591651184961626
2.6017745423519636
3.188703838212663
3.8055902935704315
2.838299500747597
3.089571903266623
4.746732405715381
3.5498448700469436
5.611551522485603
4.536564733410026
3.101995748284904
2.9671865132134525
